789905
855677
240256
1054045
40344
4477
123593
18980
1173
825164
6926
41823
29243
40440
39804
486920
567410
752022
14853
360118
9651
36137
1752
12003
256415
191541
24448
23817
373373
72743
22273
210
21889
4341
12003
42837
198700
941
709800
7034
404204
390867
53857
422018
549739
456986
24611
144955
145978
294042
209491
11773
11420
410476
3994
230739
716630
48979
517037
414348
24852
186457
85275
152
28751
14853
37648
5807
412938
13739
1828
34427
603905
5774
795432
798007
536050
737714
942866
23627
220675
38894
660630
888887
141
56516
120187
351245
359212
295480
